210 110 2 5 6
250 110 1 2 3 5
290 110 1 2 3

190 145 1 2 3 5
230 145 1 2 3 5 6
270 145 1 2 3 5 6
310 145 1 2 3 5

170 180 1 2 3 5
210 180 1 2 3 5 6
250 180 1 2 3 5 6
290 180 1 2 3 5 6
330 180 1 2 3 5

150 215 1 2 3 5
190 215 1 2 3 5 6
230 215 1 2 3 5 6
270 215 1 2 3 4 5 6
310 215 1 2 3 4 5 6
350 215 1 2 3 5

130 250 1 6 3
170 250 1 2 3 4 5 6
210 250 1 2 3 6
250 250 2
290 250 1 2 3 4 5 6
330 250 1 2 3 4 5 6
370 250 1 2 3

150 285 1 2 3 5
190 285 1 2 3 5 6
230 285 1 2 3 5 6
270 285 1 2 3 5 6
310 285 1 2 3 5 6
350 285 1 2 3 5

170 320 1 2 3 5
210 320 1 2 3 5 6
250 320 1 2 3 5 6
290 320 1 2 3 5 6
330 320 1 2 3 5

190 355 1 2 3 5
230 355 1 2 3 5 6
270 355 1 2 3 5 6
310 355 1 2 3 5

210 390 1 6 5
250 390 1 2 3 5
290 390 1 2 3